; This file is automatically generated with reborn.
    ; You may have to manually edit this file.
    ; Different softwares use different keys.

res = 10000.0
;clen = 2.230
adu_per_eV = 0.1
coffset = 2.224

dim0 = %
dim1 = ss
dim2 = fs

p0a0/fs = +0.0x +1.0y +0.0z
p0a0/ss = -1.0x +0.0y +0.0z
p0a0/res = 10000.0
p0a0/no_index = 0
p0a0/corner_x = +62.49999999999995
p0a0/corner_y = -437.30000000000024
p0a0/min_fs = 0
p0a0/max_fs = 383
p0a0/min_ss = 0
p0a0/max_ss = 351

